Mean: [0.36269833 0.41986692 0.34385223]
Std: [0.20742336 0.20954326 0.18345217]
