Mean: [0.35867023 0.41299041 0.38584978]
Std: [0.21861866 0.21450045 0.20885057]
